8053837852702
8053837852719
8053837852726
8053837852733
8053837852740
8053837852757
8053837852764
8053837852771
8053837852788
8053837852795
8053837852801
8053837852818
8053837852825
8053837852832
8053837852849
8053837852856
8053837852863
8053837852870
8053837852887
8053837852894
8053837852900
8053837852917
8053837852924
8053837852931
8053837852948
8053837852955
8053837852962
8053837852979
8053837852986
8053837852993
8053837853006
8053837853013
8053837853020
8053837853037
8053837853044
8053837853051
8053837853068
8053837853075
8053837853082
8053837853099
8053837853105
8053837853112
8053837853129
8053837853136
8053837853143
8053837853150
8053837853167
8053837853174
8053837853181
8053837853198
8053837853204
8053837853211
8053837853228
8053837853235
8053837853242
8053837853259
8053837853266
8053837853273
8053837853280
8053837853297
8053837853303
8053837853310
8053837853327
8053837853334
8053837853341
8053837853358
8053837853365
8053837853372
8053837853389
8053837853396
8053837853402
8053837853419
8053837853426
8053837853433
8053837853440
8053837853457
8053837853464
8053837853471
8053837853488
8053837853495
8053837853501
8053837853518
8053837853525
8053837853532
8053837853549
8053837853556
8053837853563
8053837853570
8053837853587
8053837853594
8053837853600
8053837853617
8053837853624
8053837853631
8053837853648
8053837853655
8053837853662
8053837853679
8053837853686
8053837853693
8053837853709
8053837853716
8053837853723
8053837853730
8053837853747
8053837853754
8053837853761
8053837853778
8053837853785
8053837853792
8053837853808
8053837853815
8053837853822
8053837853839
8053837853846
8053837853853
8053837853860
8053837853877
8053837853884
8053837853891
8053837853907
8053837853914
8053837853921
8053837853938
8053837853945
8053837853952
8053837853969
8053837853976
8053837853983
8053837853990
8053837854003
8053837854010
8053837854027
8053837854034
8053837854041
8053837854058
8053837854065
8053837854072
8053837854089
8053837854096
8053837854102
8053837854119
8053837854126
8053837854133
8053837854140
8053837854157
8053837854164
8053837854171
8053837854188
8053837854195
8053837854201
8053837854218
8053837854225
8053837854232
8053837854249
8053837854256
8053837854263
8053837854270
8053837854287
8053837854294
8053837854300
8053837854317
8053837854324
8053837854331
8053837854348
8053837854355
8053837854362
8053837854379
8053837854386
8053837854393
8053837854409
8053837854416
8053837854423
8053837854430
8053837854447
8053837854454
8053837854461
8053837854478
8053837854485
8053837854492
8053837854508
8053837854515
8053837854522
8053837854539
8053837854546
8053837854553
8053837854560
8053837854577
8053837854584
8053837854591
8053837854607
8053837854614
8053837854621
8053837854638
8053837854645
8053837854652
8053837854669
8053837854676
8053837854683
8053837854690
8053837854706
8053837854713
8053837854720
8053837854737
8053837854744
8053837854751
8053837854768
8053837854775
8053837854782
8053837854799
8053837854805
8053837854812
8053837854829
8053837854836
8053837854843
8053837854850
8053837854867
8053837854874
8053837854881
8053837854898
8053837854904
8053837854911
8053837854928
8053837854935
8053837854942
8053837854959
8053837854966
8053837854973
8053837854980
8053837854997
8053837855000
8053837855017
8053837855024
8053837855031
8053837855048
8053837855055
8053837855062
8053837855079
8053837855086
8053837855093
8053837855109
8053837855116
8053837855123
8053837855130
8053837855147
8053837855154
8053837855161
8053837855178
8053837855185
8053837855192
8053837855208
8053837855215
8053837855222
8053837855239
8053837855246
8053837855253
8053837855260
8053837855277
8053837855284
8053837855291
8053837855307
8053837855314
8053837855321
8053837855338
8053837855345
8053837855352
8053837855369
8053837855376
8053837855383
8053837855390
8053837855406
8053837855413
8053837855420
8053837855437
8053837855444
8053837855451
8053837855468
8053837855475
8053837855482
8053837855499
8053837855505
8053837855512
8053837855529
8053837855536
8053837855543
8053837855550
8053837855567
8053837855574
8053837855581
8053837855598
8053837855604
8053837855611
8053837855628
8053837855635
8053837855642
8053837855659
8053837855666
8053837855673
8053837855680
8053837855697
8053837855703
8053837855710
8053837855727
8053837855734
8053837855741
8053837855758
8053837855765
8053837855772
8053837855789
8053837855796
8053837855802
8053837855819
8053837855826
8053837855833
8053837855840
8053837855857
8053837855864
8053837855871
8053837855888
8053837855895
8053837855901
8053837855918
8053837855925
8053837855932
8053837855949
8053837855956
8053837855963
8053837855970
8053837855987
8053837855994
8053837856007
8053837856014
8053837856021
8053837856038
8053837856045
8053837856052
8053837856069
8053837856076
8053837856083
8053837856090
8053837856106
8053837856113
8053837856120
8053837856137
8053837856144
8053837856151
8053837856168
8053837856175
8053837856182
8053837856199
8053837856205
8053837856212
8053837856229
8053837856236
8053837856243
8053837856250
8053837856267
8053837856274
8053837856281
8053837856298
8053837856304
8053837856311
8053837856328
8053837856335
8053837856342
8053837856359
8053837856366
8053837856373
8053837856380
8053837856397
8053837856403
8053837856410
8053837856427
8053837856434
8053837856441
8053837856458
8053837856465
8053837856472
8053837856489
8053837856496
8053837856502
8053837856519
8053837856526
8053837856533
8053837856540
8053837856557
8053837856564
8053837856571
8053837856588
8053837856595
8053837856601
8053837856618
8053837856625
8053837856632
8053837856649
8053837856656
8053837856663
8053837856670
8053837856687
8053837856694
8053837856700
8053837856717
8053837856724
8053837856731
8053837856748
8053837856755
8053837856762
8053837856779
8053837856786
8053837856793
8053837856809
8053837856816
8053837856823
8053837856830
8053837856847
8053837856854
8053837856861
8053837856878
8053837856885
8053837856892
8053837856908
8053837856915
8053837856922
8053837856939
8053837856946
8053837856953
8053837856960
8053837856977
8053837856984
8053837856991
8053837857004
8053837857011
8053837857028
8053837857035
8053837857042
8053837857059
8053837857066
8053837857073
8053837857080
8053837857097
8053837857103
8053837857110
8053837857127
8053837857134
8053837857141
8053837857158
8053837857165
8053837857172
8053837857189
8053837857196
8053837857202
8053837857219
8053837857226
8053837857233
8053837857240
8053837857257
8053837857264
8053837857271
8053837857288
8053837857295
8053837857301
8053837857318
8053837857325
8053837857332
8053837857349
8053837857356
8053837857363
8053837857370
8053837857387
8053837857394
8053837857400
8053837857417
8053837857424
8053837857431
8053837857448
8053837857455
8053837857462
8053837857479
8053837857486
8053837857493
8053837857509
8053837857516
8053837857523
8053837857530
8053837857547
8053837857554
8053837857561
8053837857578
8053837857585
8053837857592
8053837857608
8053837857615
8053837857622
8053837857639
8053837857646
8053837857653
8053837857660
8053837857677
8053837857684
8053837857691
8053837857707
8053837857714
8053837857721
8053837857738
8053837857745
8053837857752
8053837857769
8053837857776
8053837857783
8053837857790
8053837857806
8053837857813
8053837857820
8053837857837
8053837857844
8053837857851
8053837857868
8053837857875
8053837857882
8053837857899
8053837857905
8053837857912
8053837857929
8053837857936
8053837857943
8053837857950
8053837857967
8053837857974
8053837857981
8053837857998
8053837858001
8053837858018
8053837858025
8053837858032
8053837858049
8053837858056
8053837858063
8053837858070
8053837858087
8053837858094
8053837858100
8053837858117
8053837858124
8053837858131
8053837858148
8053837858155
8053837858162
8053837858179
8053837858186
8053837858193
8053837858209
8053837858216
8053837858223
8053837858230
8053837858247
8053837858254
8053837858261
8053837858278
8053837858285
8053837858292
8053837858308
8053837858315
8053837858322
8053837858339
8053837858346
8053837858353
8053837858360
8053837858377
8053837858384
8053837858391
8053837858407
8053837858414
8053837858421
8053837858438
8053837858445
8053837858452
8053837858469
8053837858476
8053837858483
8053837858490
8053837858506
8053837858513
8053837858520
8053837858537
8053837858544
8053837858551
8053837858568
8053837858575
8053837858582
8053837858599
8053837858605
8053837858612
8053837858629
8053837858636
8053837858643
8053837858650
8053837858667
8053837858674
8053837858681
8053837858698
8053837858704
8053837858711
8053837858728
8053837858735
8053837858742
8053837858759
8053837858766
8053837858773
8053837858780
8053837858797
8053837858803
8053837858810
8053837858827
8053837858834
8053837858841
8053837858858
8053837858865
8053837858872
8053837858889
8053837858896
8053837858902
8053837858919
8053837858926
8053837858933
8053837858940
8053837858957
8053837858964
8053837858971
8053837858988
8053837858995
8053837859008
8053837859015
8053837859022
8053837859039
8053837859046
8053837859053
8053837859060
8053837859077
8053837859084
8053837859091
8053837859107
8053837859114
8053837859121
8053837859138
8053837859145
8053837859152
8053837859169
8053837859176
8053837859183
8053837859190
8053837859206
8053837859213
8053837859220
8053837859237
8053837859244
8053837859251
8053837859268
8053837859275
8053837859282
8053837859299
8053837859305
8053837859312
8053837859329
8053837859336
8053837859343
8053837859350
8053837859367
8053837859374
8053837859381
8053837859398
8053837859404
8053837859411
8053837859428
8053837859435
8053837859442
8053837859459
8053837859466
8053837859473
8053837859480
8053837859497
8053837859503
8053837859510
8053837859527
8053837859534
8053837859541
8053837859558
8053837859565
8053837859572
8053837859589
8053837859596
8053837859602
8053837859619
8053837859626
8053837859633
8053837859640
8053837859657
8053837859664
8053837859671
8053837859688
8053837859695
8053837859701
8053837859718
8053837859725
8053837859732
8053837859749
8053837859756
8053837859763
8053837859770
8053837859787
8053837859794
8053837859800
8053837859817
8053837859824
8053837859831
8053837859848
8053837859855
8053837859862
8053837859879
8053837859886
8053837859893
8053837859909
8053837859916
8053837859923
8053837859930
8053837859947
8053837859954
8053837859961
8053837859978
8053837859985
8053837859992
8053837860004
8053837860011
8053837860028
8053837860035
8053837860042
8053837860059
8053837860066
8053837860073
8053837860080
8053837860097
8053837860103
8053837860110
8053837860127
8053837860134
8053837860141
8053837860158
8053837860165
8053837860172
8053837860189
8053837860196
8053837860202
8053837860219
8053837860226
8053837860233
8053837860240
8053837860257
8053837860264
8053837860271
8053837860288
8053837860295
8053837860301
8053837860318
8053837860325
8053837860332
8053837860349
8053837860356
8053837860363
8053837860370
8053837860387
8053837860394
8053837860400
8053837860417
8053837860424
8053837860431
8053837860448
8053837860455
8053837860462
8053837860479
8053837860486
8053837860493
8053837860509
8053837860516
8053837860523
8053837860530
8053837860547
8053837860554
8053837860561
8053837860578
8053837860585
8053837860592
8053837860608
8053837860615
8053837860622
8053837860639
8053837860646
8053837860653
8053837860660
8053837860677
8053837860684
8053837860691
8053837860707
8053837860714
8053837860721
8053837860738
8053837860745
8053837860752
8053837860769
8053837860776
8053837860783
8053837860790
8053837860806
8053837860813
8053837860820
8053837860837
8053837860844
8053837860851
8053837860868
8053837860875
8053837860882
8053837860899
8053837860905
8053837860912
8053837860929
8053837860936
8053837860943
8053837860950
8053837860967
8053837860974
8053837860981
8053837860998
8053837861001
8053837861018
8053837861025
8053837861032
8053837861049
8053837861056
8053837861063
8053837861070
8053837861087
8053837861094
8053837861100
8053837861117
8053837861124
8053837861131
8053837861148
8053837861155
8053837861162
8053837861179
8053837861186
8053837861193
8053837861209
8053837861216
8053837861223
8053837861230
8053837861247
8053837861254
8053837861261
8053837861278
8053837861285
8053837861292
8053837861308
8053837861315
8053837861322
8053837861339
8053837861346
8053837861353
8053837861360
8053837861377
8053837861384
8053837861391
8053837861407
8053837861414
8053837861421
8053837861438
8053837861445
8053837861452
8053837861469
8053837861476
8053837861483
8053837861490
8053837861506
8053837861513
8053837861520
8053837861537
8053837861544
8053837861551
8053837861568
8053837861575
8053837861582
8053837861599
8053837861605
8053837861612
8053837861629
8053837861636
8053837861643
8053837861650
8053837861667
8053837861674
8053837861681
8053837861698
8053837861704
8053837861711
8053837861728
8053837861735
8053837861742
8053837861759
8053837861766
8053837861773
8053837861780
8053837861797
8053837861803
8053837861810
8053837861827
8053837861834
8053837861841
8053837861858
8053837861865
8053837861872
8053837861889
8053837861896
8053837861902
8053837861919
8053837861926
8053837861933
8053837861940
8053837861957
8053837861964
8053837861971
8053837861988
8053837861995
8053837862008
8053837862015
8053837862022
8053837862039
8053837862046
8053837862053
8053837862060
8053837862077
8053837862084
8053837862091
8053837862107
8053837862114
8053837862121
8053837862138
8053837862145
8053837862152
8053837862169
8053837862176
8053837862183
8053837862190
8053837862206
8053837862213
8053837862220
8053837862237
8053837862244
8053837862251
8053837862268
8053837862275
8053837862282
8053837862299
8053837862305
8053837862312
8053837862329
8053837862336
8053837862343
8053837862350
8053837862367
8053837862374
8053837862381
8053837862398
8053837862404
8053837862411
8053837862428
8053837862435
8053837862442
8053837862459
8053837862466
8053837862473
8053837862480
8053837862497
8053837862503
8053837862510
8053837862527
8053837862534
8053837862541
8053837862558
8053837862565
8053837862572
8053837862589
8053837862596
8053837862602
8053837862619
8053837862626
8053837862633
8053837862640
8053837862657
8053837862664
8053837862671
8053837862688
8053837862695
8053837862701
8053837862718
8053837862725
8053837862732
8053837862749
8053837862756
8053837862763
8053837862770
8053837862787
8053837862794
8053837862800
8053837862817
8053837862824
8053837862831
8053837862848
8053837862855
8053837862862
8053837862879
8053837862886
8053837862893
8053837862909
8053837862916
8053837862923
8053837862930
8053837862947
8053837862954
8053837862961
8053837862978
8053837862985
8053837862992
8053837863005
8053837863012
8053837863029
8053837863036
8053837863043
8053837863050
8053837863067
8053837863074
8053837863081
8053837863098
8053837863104
8053837863111
8053837863128
8053837863135
8053837863142
8053837863159
8053837863166
8053837863173
8053837863180
8053837863197
8053837863203
8053837863210
8053837863227
8053837863234
8053837863241
8053837863258
8053837863265
8053837863272
8053837863289
8053837863296
8053837863302
8053837863319
8053837863326
8053837863333
8053837863340
8053837863357
8053837863364
8053837863371
8053837863388
8053837863395
8053837863401
8053837863418
8053837863425
8053837863432
8053837863449
8053837863456
8053837863463
8053837863470
8053837863487
8053837863494
8053837863500
8053837863517
8053837863524
8053837863531
8053837863548
8053837863555
8053837863562
8053837863579
8053837863586
8053837863593
8053837863609
8053837863616
8053837863623
8053837863630
8053837863647
8053837863654
8053837863661
8053837863678
8053837863685
8053837863692
8053837863708
8053837863715
8053837863722
8053837863739
8053837863746
8053837863753
8053837863760
8053837863777
8053837863784
8053837863791
8053837863807
8053837863814
8053837863821
8053837863838
8053837863845
8053837863852
8053837863869
8053837863876
8053837863883
8053837863890
8053837863906
8053837863913
8053837863920
8053837863937
8053837863944
8053837863951
8053837863968
8053837863975
8053837863982
8053837863999
8053837864002
8053837864019
8053837864026
8053837864033
8053837864040
8053837864057
8053837864064
8053837864071
8053837864088
8053837864095
8053837864101
8053837864118
8053837864125
8053837864132
8053837864149
8053837864156
8053837864163
8053837864170
8053837864187
8053837864194
8053837864200
8053837864217
8053837864224
8053837864231
8053837864248
8053837864255
8053837864262
8053837864279
8053837864286
8053837864293
8053837864309
8053837864316
8053837864323
8053837864330
8053837864347
8053837864354
8053837864361
8053837864378
8053837864385
8053837864392
8053837864408
8053837864415
8053837864422
8053837864439
8053837864446
8053837864453
8053837864460
8053837864477
8053837864484
8053837864491
8053837864507
8053837864514
8053837864521
8053837864538
8053837864545
8053837864552
8053837864569
8053837864576
8053837864583
8053837864590
8053837864606
8053837864613
8053837864620
8053837864637
8053837864644
8053837864651
8053837864668
8053837864675
8053837864682
8053837864699
8053837864705
8053837864712
8053837864729
8053837864736
8053837864743
8053837864750
8053837864767
8053837864774
8053837864781
8053837864798
8053837864804
8053837864811
8053837864828
8053837864835
8053837864842
8053837864859
8053837864866
8053837864873
8053837864880
8053837864897
8053837864903
8053837864910
8053837864927
8053837864934
8053837864941
8053837864958
8053837864965
8053837864972
8053837864989
8053837864996
8053837865009
8053837865016
8053837865023
8053837865030
8053837865047
8053837865054
8053837865061
8053837865078
8053837865085
8053837865092
8053837865108
8053837865115
8053837865122
8053837865139
8053837865146
8053837865153
8053837865160
8053837865177
8053837865184
8053837865191
8053837865207
8053837865214
8053837865221
8053837865238
8053837865245
8053837865252
8053837865269
8053837865276
8053837865283
8053837865290
8053837865306
8053837865313
8053837865320
8053837865337
8053837865344
8053837865351
8053837865368
8053837865375
8053837865382
8053837865399
8053837865405
8053837865412
8053837865429
8053837865436
8053837865443
8053837865450
8053837865467
8053837865474
8053837865481
8053837865498
8053837865504
8053837865511
8053837865528
8053837865535
8053837865542
8053837865559
8053837865566
8053837865573
8053837865580
8053837865597
8053837865603
8053837865610
8053837865627
8053837865634
8053837865641
8053837865658
8053837865665
8053837865672
8053837865689
8053837865696
8053837865702
8053837865719
8053837865726
8053837865733
8053837865740
8053837865757
8053837865764
8053837865771
8053837865788
8053837865795
8053837865801
8053837865818
8053837865825
8053837865832
8053837865849
8053837865856
8053837865863
8053837865870
8053837865887
8053837865894
8053837865900
8053837865917
8053837865924
8053837865931
8053837865948
8053837865955
8053837865962
8053837865979
8053837865986
8053837865993
8053837866006
8053837866013
8053837866020
8053837866037
8053837866044
8053837866051
8053837866068
8053837866075
8053837866082
8053837866099
8053837866105
8053837866112
8053837866129
8053837866136
8053837866143
8053837866150
8053837866167
8053837866174
8053837866181
8053837866198
8053837866204
8053837866211
8053837866228
8053837866235
8053837866242
8053837866259
8053837866266
8053837866273
8053837866280
8053837866297
8053837866303
8053837866310
8053837866327
8053837866334
8053837866341
8053837866358
8053837866365
8053837866372
8053837866389
8053837866396
8053837866402
8053837866419
8053837866426
8053837866433
8053837866440
8053837866457
8053837866464
8053837866471
8053837866488
8053837866495
8053837866501
8053837866518
8053837866525
8053837866532
8053837866549
8053837866556
8053837866563
8053837866570
8053837866587
8053837866594
8053837866600
8053837866617
8053837866624
8053837866631
8053837866648
8053837866655
8053837866662
8053837866679
8053837866686
8053837866693
8053837866709
8053837866716
8053837866723
8053837866730
8053837866747
8053837866754
8053837866761
8053837866778
8053837866785
8053837866792
8053837866808
8053837866815
8053837866822
8053837866839
8053837866846
8053837866853
8053837866860
8053837866877
8053837866884
8053837866891
8053837866907
8053837866914
8053837866921
8053837866938
8053837866945
8053837866952
8053837866969
8053837866976
8053837866983
8053837866990
8053837867003
8053837867010
8053837867027
8053837867034
8053837867041
8053837867058
8053837867065
8053837867072
8053837867089
8053837867096
8053837867102
8053837867119
8053837867126
8053837867133
8053837867140
8053837867157
8053837867164
8053837867171
8053837867188
8053837867195
8053837867201
8053837867218
8053837867225
8053837867232
8053837867249
8053837867256
8053837867263
8053837867270
8053837867287
8053837867294
8053837867300
8053837867317
8053837867324
8053837867331
8053837867348
8053837867355
8053837867362
8053837867379
8053837867386
8053837867393
8053837867409
8053837867416
8053837867423
8053837867430
8053837867447
8053837867454
8053837867461
8053837867478
8053837867485
8053837867492
8053837867508
8053837867515
8053837867522
8053837867539
8053837867546
8053837867553
8053837867560
8053837867577
8053837867584
8053837867591
8053837867607
8053837867614
8053837867621
8053837867638
8053837867645
8053837867652
8053837867669
8053837867676
8053837867683
8053837867690
8053837867706
8053837867713
8053837867720
8053837867737
8053837867744
8053837867751
8053837867768
8053837867775
8053837867782
8053837867799
8053837867805
8053837867812
8053837867829
8053837867836
8053837867843
8053837867850
8053837867867
8053837867874
8053837867881
8053837867898
8053837867904
8053837867911
8053837867928
8053837867935
8053837867942
8053837867959
8053837867966
8053837867973
8053837867980
8053837867997
8053837868000
8053837868017
8053837868024
8053837868031
8053837868048
8053837868055
8053837868062
8053837868079
8053837868086
8053837868093
8053837868109
8053837868116
8053837868123
8053837868130
8053837868147
8053837868154
8053837868161
8053837868178
8053837868185
8053837868192
8053837868208
8053837868215
8053837868222
8053837868239
8053837868246
8053837868253
8053837868260
8053837868277
8053837868284
8053837868291
8053837868307
8053837868314
8053837868321
8053837868338
8053837868345
8053837868352
8053837868369
8053837868376
8053837868383
8053837868390
8053837868406
8053837868413
8053837868420
8053837868437
8053837868444
8053837868451
8053837868468
8053837868475
8053837868482
8053837868499
8053837868505
8053837868512
8053837868529
8053837868536
8053837868543
8053837868550
8053837868567
8053837868574
8053837868581
8053837868598
8053837868604
8053837868611
8053837868628
8053837868635
8053837868642
8053837868659
8053837868666
8053837868673
8053837868680
8053837868697
8053837868703
8053837868710
8053837868727
8053837868734
8053837868741
8053837868758
8053837868765
8053837868772
8053837868789
8053837868796
8053837868802
8053837868819
8053837868826
8053837868833
8053837868840
8053837868857
8053837868864
8053837868871
8053837868888
8053837868895
8053837868901
8053837868918
8053837868925
8053837868932
8053837868949
8053837868956
8053837868963
8053837868970
8053837868987
8053837868994
8053837869007
8053837869014
8053837869021
8053837869038
8053837869045
8053837869052
8053837869069
8053837869076
8053837869083
8053837869090
8053837869106
8053837869113
8053837869120
8053837869137
8053837869144
8053837869151
8053837869168
8053837869175
8053837869182
8053837869199
8053837869205
8053837869212
8053837869229
8053837869236
8053837869243
8053837869250
8053837869267
8053837869274
8053837869281
8053837869298
8053837869304
8053837869311
8053837869328
8053837869335
8053837869342
8053837869359
8053837869366
8053837869373
8053837869380
8053837869397
8053837869403
8053837869410
8053837869427
8053837869434
8053837869441
8053837869458
8053837869465
8053837869472
8053837869489
8053837869496
8053837869502
8053837869519
8053837869526
8053837869533
8053837869540
8053837869557
8053837869564
8053837869571
8053837869588
8053837869595
8053837869601
8053837869618
8053837869625
8053837869632
8053837869649
8053837869656
8053837869663
8053837869670
8053837869687
8053837869694
8053837869700
8053837869717
8053837869724
8053837869731
8053837869748
8053837869755
8053837869762
8053837869779
8053837869786
8053837869793
8053837869809
8053837869816
8053837869823
8053837869830
8053837869847
8053837869854
8053837869861
8053837869878
8053837869885
8053837869892
8053837869908
8053837869915
8053837869922
8053837869939
8053837869946
8053837869953
8053837869960
8053837869977
8053837869984
8053837869991
8053837870003
8053837870010
8053837870027
8053837870034
8053837870041
8053837870058
8053837870065
8053837870072
8053837870089
8053837870096
8053837870102
8053837870119
8053837870126
8053837870133
8053837870140
8053837870157
8053837870164
8053837870171
8053837870188
8053837870195
8053837870201
8053837870218
8053837870225
8053837870232
8053837870249
8053837870256
8053837870263
8053837870270
8053837870287
8053837870294
8053837870300
8053837870317
8053837870324
8053837870331
8053837870348
8053837870355
8053837870362
8053837870379
8053837870386
8053837870393
8053837870409
8053837870416
8053837870423
8053837870430
8053837870447
8053837870454
8053837870461
8053837870478
8053837870485
8053837870492
8053837870508
8053837870515
8053837870522
8053837870539
8053837870546
8053837870553
8053837870560
8053837870577
8053837870584
8053837870591
8053837870607
8053837870614
8053837870621
8053837870638
8053837870645
8053837870652
8053837870669
8053837870676
8053837870683
8053837870690
8053837870706
8053837870713
8053837870720
8053837870737
8053837870744
8053837870751
8053837870768
8053837870775
8053837870782
8053837870799
8053837870805
8053837870812
8053837870829
8053837870836
8053837870843
8053837870850
8053837870867
8053837870874
8053837870881
8053837870898
8053837870904
8053837870911
8053837870928
8053837870935
8053837870942
8053837870959
8053837870966
8053837870973
8053837870980
8053837870997
8053837871000
8053837871017
8053837871024
8053837871031
8053837871048
8053837871055
8053837871062
8053837871079
8053837871086
8053837871093
8053837871109
8053837871116
8053837871123
8053837871130
8053837871147
8053837871154
8053837871161
8053837871178
8053837871185
8053837871192
8053837871208
8053837871215
8053837871222
8053837871239
8053837871246
8053837871253
8053837871260
8053837871277
8053837871284
8053837871291
8053837871307
8053837871314
8053837871321
8053837871338
8053837871345
8053837871352
8053837871369
8053837871376
8053837871383
8053837871390
8053837871406
8053837871413
8053837871420
8053837871437
8053837871444
8053837871451
8053837871468
8053837871475
8053837871482
8053837871499
8053837871505
8053837871512
8053837871529
8053837871536
8053837871543
8053837871550
8053837871567
8053837871574
8053837871581
8053837871598
8053837871604
8053837871611
8053837871628
8053837871635
8053837871642
8053837871659
8053837871666
8053837871673
8053837871680
8053837871697
8053837871703
8053837871710
8053837871727
8053837871734
8053837871741
8053837871758
8053837871765
8053837871772
8053837871789
8053837871796
8053837871802
8053837871819
8053837871826
8053837871833
8053837871840
8053837871857
8053837871864
8053837871871
8053837871888
8053837871895
8053837871901
8053837871918
8053837871925
8053837871932
8053837871949
8053837871956
8053837871963
8053837871970
8053837871987
8053837871994
8053837872007
8053837872014
8053837872021
8053837872038
8053837872045
8053837872052
8053837872069
8053837872076
8053837872083
8053837872090
8053837872106
8053837872113
8053837872120
8053837872137
8053837872144
8053837872151
8053837872168
8053837872175
8053837872182
8053837872199
8053837872205
8053837872212
8053837872229
8053837872236
8053837872243
8053837872250
8053837872267
8053837872274
8053837872281
8053837872298
8053837872304
8053837872311
8053837872328
8053837872335
8053837872342
8053837872359
8053837872366
8053837872373
8053837872380
8053837872397
8053837872403
8053837872410
8053837872427
8053837872434
8053837872441
8053837872458
8053837872465
8053837872472
8053837872489
8053837872496
8053837872502
8053837872519
8053837872526
8053837872533
8053837872540
8053837872557
8053837872564
8053837872571
8053837872588
8053837872595
8053837872601
8053837872618
8053837872625
8053837872632
8053837872649
8053837872656
8053837872663
8053837872670
8053837872687
8053837872694
