8053831640152
8053831640169
8053831640176
8053831640183
8053831640190
8053831640206
8053831640213
8053831640220
8053831640237
8053831640244
8053831640251
8053831640268
8053831640275
8053831640282
8053831640299
8053831640305
8053831640312
8053831640329
8053831640336
8053831640343
8053831640350
8053831640367
8053831640374
8053831640381
8053831640398
8053831640404
8053831640411
8053831640428
8053831640435
8053831640442
8053831640459
8053831640466
8053831640473
8053831640480
8053831640497
8053831640503
8053831640510
8053831640527
8053831640534
8053831640541
8053831640558
8053831640565
8053831640572
8053831640589
8053831640596
8053831640602
8053831640619
8053831640626
8053831640633
8053831640640
8053831640657
8053831640664
8053831640671
8053831640688
8053831640695
8053831640701
8053831640718
8053831640725
8053831640732
8053831640749
8053831640756
8053831640763
8053831640770
8053831640787
8053831640794
8053831640800
8053831640817
8053831640824
8053831640831
8053831640848
8053831640855
8053831640862
8053831640879
8053831640886
8053831640893
8053831640909
8053831640916
8053831640923
8053831640930
8053831640947
8053831640954
8053831640961
8053831640978
8053831640985
8053831640992
8053831641005
8053831641012
8053831641029
8053831641036
8053831641043
8053831641050
8053831641067
8053831641074
8053831641081
8053831641098
8053831641104
8053831641111
8053831641128
8053831641135
8053831641142
8053831641159
8053831641166
8053831641173
8053831641180
8053831641197
8053831641203
8053831641210
8053831641227
8053831641234
8053831641241
8053831641258
8053831641265
8053831641272
8053831641289
8053831641296
8053831641302
8053831641319
8053831641326
8053831641333
8053831641340
8053831641357
8053831641364
8053831641371
8053831641388
8053831641395
8053831641401
8053831641418
8053831641425
8053831641432
8053831641449
8053831641456
8053831641463
8053831641470
8053831641487
8053831641494
8053831641500
8053831641517
8053831641524
8053831641531
8053831641548
8053831641555
8053831641562
8053831641579
8053831641586
8053831641593
8053831641609
8053831641616
8053831641623
8053831641630
8053831641647
8053831641654
8053831641661
8053831641678
8053831641685
8053831641692
8053831641708
8053831641715
8053831641722
8053831641739
8053831641746
8053831641753
8053831641760
8053831641777
8053831641784
8053831641791
8053831641807
8053831641814
8053831641821
8053831641838
8053831641845
8053831641852
8053831641869
8053831641876
8053831641883
8053831641890
8053831641906
8053831641913
8053831641920
8053831641937
8053831641944
8053831641951
8053831641968
8053831641975
8053831641982
8053831641999
8053831642002
8053831642019
8053831642026
8053831642033
8053831642040
8053831642057
8053831642064
8053831642071
8053831642088
8053831642095
8053831642101
8053831642118
8053831642125
8053831642132
8053831642149
8053831642156
8053831642163
8053831642170
8053831642187
8053831642194
8053831642200
8053831642217
8053831642224
8053831642231
8053831642248
8053831642255
8053831642262
8053831642279
8053831642286
8053831642293
8053831642309
8053831642316
8053831642323
8053831642330
8053831642347
8053831642354
8053831642361
8053831642378
8053831642385
8053831642392
8053831642408
8053831642415
8053831642422
8053831642439
8053831642446
8053831642453
8053831642460
8053831642477
8053831642484
8053831642491
8053831642507
8053831642514
8053831642521
8053831642538
8053831642545
8053831642552
8053831642569
8053831642576
8053831642583
8053831642590
8053831642606
8053831642613
8053831642620
8053831642637
8053831642644
8053831642651
8053831642668
8053831642675
8053831642682
8053831642699
8053831642705
8053831642712
8053831642729
8053831642736
8053831642743
8053831642750
8053831642767
8053831642774
8053831642781
8053831642798
8053831642804
8053831642811
8053831642828
8053831642835
8053831642842
8053831642859
8053831642866
8053831642873
8053831642880
8053831642897
8053831642903
8053831642910
8053831642927
8053831642934
8053831642941
8053831642958
8053831642965
8053831642972
8053831642989
8053831642996
8053831643009
8053831643016
8053831643023
8053831643030
8053831643047
8053831643054
8053831643061
8053831643078
8053831643085
8053831643092
8053831643108
8053831643115
8053831643122
8053831643139
8053831643146
